       1      1.3469     445.5
       2      3.3725     177.9
       3      5.3533     112.1
       4      6.7417      89.0
       5      8.8179      68.0
       6     10.2394      58.6
       7     12.2714      48.9
       8     13.0991      45.8
       9     15.6303      38.4
      10     16.4348      36.5
      11     18.1839      33.0
      12     19.0085      31.6
      13     20.4838      29.3
      14     20.6869      29.0
      15     22.3423      26.9
      16     20.9326      28.7
      17     23.8549      25.2
      18     23.2530      25.8
      19     25.5497      23.5
      20     24.5772      24.4
      21     26.5546      22.6
      22     26.1404      23.0
      23     28.3169      21.2
      24     26.9738      22.2
      25     29.7189      20.2
      26     27.9923      21.4
      27     30.7174      19.5
      28     29.2707      20.5
      29     31.7022      18.9
      30     29.9480      20.0
      31     32.5837      18.4
      32     28.7424      20.9